naca2412
1.0000000000 -0.0000000000
0.9996182418 0.0000815824
0.9984735163 0.0003259390
0.9965674699 0.0007319019
0.9939028456 0.0012975361
0.9904834816 0.0020201573
0.9863143088 0.0028963559
0.9814013480 0.0039220266
0.9757517054 0.0050924042
0.9693735684 0.0064021036
0.9622761991 0.0078451638
0.9544699269 0.0094150951
0.9459661402 0.0111049284
0.9367772760 0.0129072659
0.9269168083 0.0148143326
0.9163992345 0.0168180262
0.9052400601 0.0189099671
0.8934557820 0.0210815456
0.8810638691 0.0233239661
0.8680827414 0.0256282893
0.8545317476 0.0279854690
0.8404311400 0.0303863865
0.8258020480 0.0328218796
0.8106664500 0.0352827683
0.7950471428 0.0377598756
0.7789677108 0.0402440451
0.7624524918 0.0427261548
0.7455265433 0.0451971277
0.7282156059 0.0476479404
0.7105460665 0.0500696295
0.6925449203 0.0524532972
0.6742397310 0.0547901168
0.6556585907 0.0570713380
0.6368300792 0.0592882942
0.6177832212 0.0614324113
0.5985474442 0.0634952195
0.5791525342 0.0654683682
0.5596285911 0.0673436445
0.5400059836 0.0691129959
0.5203153026 0.0707685575
0.5005873138 0.0723026837
0.4808529095 0.0737079835
0.4611430596 0.0749773610
0.4414887610 0.0761040588
0.4219209866 0.0770817045
0.4024706331 0.0779043608
0.3830324073 0.0785467446
0.3637517192 0.0789729347
0.3446799907 0.0791798384
0.3258486450 0.0791657359
0.3072887792 0.0789298853
0.2890310940 0.0784725495
0.2711058222 0.0777950160
0.2535426577 0.0768996079
0.2363706842 0.0757896863
0.2196183058 0.0744696428
0.2033131788 0.0729448807
0.1874821455 0.0712217860
0.1721511716 0.0693076860
0.1573452865 0.0672107971
0.1430885277 0.0649401600
0.1294038893 0.0625055649
0.1163132760 0.0599174650
0.1038374614 0.0571868804
0.0919960520 0.0543252932
0.0808074563 0.0513445338
0.0702888598 0.0482566617
0.0604562044 0.0450738406
0.0513241738 0.0418082100
0.0429061827 0.0384717552
0.0352143714 0.0350761771
0.0282596033 0.0316327641
0.0220514668 0.0281522677
0.0165982793 0.0246447830
0.0119070939 0.0211196378
0.0079837079 0.0175852892
0.0048326723 0.0140492317
0.0024573016 0.0105179171
0.0008596848 0.0069966873
0.0000406952 0.0034897219
0.0000000000 0.0000000000
0.0007302685 -0.0034126626
0.0022229815 -0.0066890146
0.0044742415 -0.0098277657
0.0074789871 -0.0128275393
0.0112310117 -0.0156868926
0.0157229857 -0.0184043437
0.0209464843 -0.0209784073
0.0268920169 -0.0234076358
0.0335490608 -0.0256906672
0.0409060961 -0.0278262757
0.0489506435 -0.0298134274
0.0576693020 -0.0316513361
0.0670477885 -0.0333395206
0.0770709758 -0.0348778607
0.0877229314 -0.0362666507
0.0989869537 -0.0375066494
0.1108456077 -0.0385991248
0.1232807584 -0.0395458929
0.1362736013 -0.0403493489
0.1498046911 -0.0410124904
0.1638539679 -0.0415389317
0.1784007801 -0.0419329078
0.1934239052 -0.0421992696
0.2089015689 -0.0423434683
0.2248114612 -0.0423715297
0.2411307511 -0.0422900191
0.2578361008 -0.0421059967
0.2749036780 -0.0418269644
0.2923091685 -0.0414608046
0.3100277884 -0.0410157125
0.3280342979 -0.0405001230
0.3463030149 -0.0399226325
0.3648078310 -0.0392919183
0.3835222289 -0.0386166567
0.4024390449 -0.0379050304
0.4216445484 -0.0371344255
0.4409738416 -0.0362929499
0.4603978447 -0.0353876997
0.4798872747 -0.0344256893
0.4994126862 -0.0334137948
0.5189445132 -0.0323587036
0.5384531121 -0.0312668700
0.5579088064 -0.0301444778
0.5772819309 -0.0289974107
0.5965428778 -0.0278312296
0.6156621426 -0.0266511580
0.6346103707 -0.0254620747
0.6533584037 -0.0242685130
0.6718773261 -0.0230746679
0.6901385120 -0.0218844079
0.7081136710 -0.0207012926
0.7257748939 -0.0195285952
0.7430946982 -0.0183693281
0.7600460729 -0.0172262708
0.7766025222 -0.0161020000
0.7927381094 -0.0149989201
0.8084274994 -0.0139192932
0.8236460003 -0.0128652681
0.8383696056 -0.0118389073
0.8525750336 -0.0108422110
0.8662397681 -0.0098771379
0.8793420965 -0.0089456222
0.8918611489 -0.0080495860
0.9037769342 -0.0071909475
0.9150703778 -0.0063716251
0.9257233560 -0.0055935358
0.9357187310 -0.0048585905
0.9450403840 -0.0041686849
0.9536732469 -0.0035256866
0.9616033334 -0.0029314195
0.9688177675 -0.0023876458
0.9753048109 -0.0018960460
0.9810538885 -0.0014581981
0.9860556116 -0.0010755567
0.9903017988 -0.0007494317
0.9937854950 -0.0004809693
0.9965009871 -0.0002711336
0.9984438174 -0.0001206919
0.9996107944 -0.0000302013
1.0000000000 0.0000000000
