naca0012
1.0000000000 -0.0000000000
0.9996145181 0.0000560158
0.9984586669 0.0002238086
0.9965342285 0.0005026182
0.9938441703 0.0008911863
0.9903926402 0.0013877709
0.9861849602 0.0019901642
0.9812276182 0.0026957163
0.9755282581 0.0035013623
0.9690956680 0.0044036522
0.9619397663 0.0053987845
0.9540715869 0.0064826409
0.9455032621 0.0076508216
0.9362480035 0.0088986821
0.9263200822 0.0102213676
0.9157348062 0.0116138472
0.9045084972 0.0130709457
0.8926584654 0.0145873719
0.8802029828 0.0161577445
0.8671612547 0.0177766132
0.8535533906 0.0194384764
0.8394003728 0.0211377941
0.8247240242 0.0228689965
0.8095469747 0.0246264886
0.7938926261 0.0264046500
0.7777851165 0.0281978320
0.7612492824 0.0300003508
0.7443106207 0.0318064780
0.7269952499 0.0336104300
0.7093298688 0.0354063552
0.6913417162 0.0371883221
0.6730585285 0.0389503070
0.6545084972 0.0406861839
0.6357202249 0.0423897161
0.6167226819 0.0440545518
0.5975451610 0.0456742230
0.5782172325 0.0472421489
0.5587686987 0.0487516452
0.5392295479 0.0501959383
0.5196299079 0.0515681856
0.5000000000 0.0528615020
0.4803700921 0.0540689921
0.4607704521 0.0551837883
0.4412313013 0.0561990941
0.4217827675 0.0571082323
0.4024548390 0.0579046978
0.3832773181 0.0585822126
0.3642797751 0.0591347842
0.3454915028 0.0595567645
0.3269414715 0.0598429087
0.3086582838 0.0599884335
0.2906701312 0.0599890723
0.2730047501 0.0598411270
0.2556893793 0.0595415141
0.2387507176 0.0590878056
0.2222148835 0.0584782619
0.2061073739 0.0577118565
0.1904530253 0.0567882918
0.1752759758 0.0557080051
0.1605996272 0.0544721636
0.1464466094 0.0530826501
0.1328387453 0.0515420368
0.1197970172 0.0498535489
0.1073415346 0.0480210186
0.0954915028 0.0460488284
0.0842651938 0.0439418464
0.0736799178 0.0417053531
0.0637519965 0.0393449622
0.0544967379 0.0368665348
0.0459284131 0.0342760910
0.0380602337 0.0315797178
0.0309043320 0.0287834768
0.0244717419 0.0258933127
0.0187723818 0.0229149644
0.0138150398 0.0198538796
0.0096073598 0.0167151358
0.0061558297 0.0135033681
0.0034657715 0.0102227058
0.0015413331 0.0068767182
0.0003854819 0.0034683722
0.0000000000 0.0000000000
0.0003854819 -0.0034683722
0.0015413331 -0.0068767182
0.0034657715 -0.0102227058
0.0061558297 -0.0135033681
0.0096073598 -0.0167151358
0.0138150398 -0.0198538796
0.0187723818 -0.0229149644
0.0244717419 -0.0258933127
0.0309043320 -0.0287834768
0.0380602337 -0.0315797178
0.0459284131 -0.0342760910
0.0544967379 -0.0368665348
0.0637519965 -0.0393449622
0.0736799178 -0.0417053531
0.0842651938 -0.0439418464
0.0954915028 -0.0460488284
0.1073415346 -0.0480210186
0.1197970172 -0.0498535489
0.1328387453 -0.0515420368
0.1464466094 -0.0530826501
0.1605996272 -0.0544721636
0.1752759758 -0.0557080051
0.1904530253 -0.0567882918
0.2061073739 -0.0577118565
0.2222148835 -0.0584782619
0.2387507176 -0.0590878056
0.2556893793 -0.0595415141
0.2730047501 -0.0598411270
0.2906701312 -0.0599890723
0.3086582838 -0.0599884335
0.3269414715 -0.0598429087
0.3454915028 -0.0595567645
0.3642797751 -0.0591347842
0.3832773181 -0.0585822126
0.4024548390 -0.0579046978
0.4217827675 -0.0571082323
0.4412313013 -0.0561990941
0.4607704521 -0.0551837883
0.4803700921 -0.0540689921
0.5000000000 -0.0528615020
0.5196299079 -0.0515681856
0.5392295479 -0.0501959383
0.5587686987 -0.0487516452
0.5782172325 -0.0472421489
0.5975451610 -0.0456742230
0.6167226819 -0.0440545518
0.6357202249 -0.0423897161
0.6545084972 -0.0406861839
0.6730585285 -0.0389503070
0.6913417162 -0.0371883221
0.7093298688 -0.0354063552
0.7269952499 -0.0336104300
0.7443106207 -0.0318064780
0.7612492824 -0.0300003508
0.7777851165 -0.0281978320
0.7938926261 -0.0264046500
0.8095469747 -0.0246264886
0.8247240242 -0.0228689965
0.8394003728 -0.0211377941
0.8535533906 -0.0194384764
0.8671612547 -0.0177766132
0.8802029828 -0.0161577445
0.8926584654 -0.0145873719
0.9045084972 -0.0130709457
0.9157348062 -0.0116138472
0.9263200822 -0.0102213676
0.9362480035 -0.0088986821
0.9455032621 -0.0076508216
0.9540715869 -0.0064826409
0.9619397663 -0.0053987845
0.9690956680 -0.0044036522
0.9755282581 -0.0035013623
0.9812276182 -0.0026957163
0.9861849602 -0.0019901642
0.9903926402 -0.0013877709
0.9938441703 -0.0008911863
0.9965342285 -0.0005026182
0.9984586669 -0.0002238086
0.9996145181 -0.0000560158
1.0000000000 0.0000000000
