naca4412
1.0000000000 -0.0000000000
0.9996219167 0.0001069061
0.9984881716 0.0004271024
0.9966002793 0.0009590276
0.9939607652 0.0017000931
0.9905731664 0.0026467046
0.9864420337 0.0037942901
0.9815729330 0.0051373363
0.9759724474 0.0066694309
0.9696481782 0.0083833118
0.9626087464 0.0102709208
0.9548637927 0.0123234619
0.9464239770 0.0145314627
0.9373009758 0.0168848393
0.9275074795 0.0193729612
0.9170571865 0.0219847180
0.9059647963 0.0247085852
0.8942460003 0.0275326890
0.8819174702 0.0304448694
0.8689968443 0.0334327403
0.8555027116 0.0364837470
0.8414545930 0.0395852195
0.8268729212 0.0427244231
0.8117790174 0.0458886035
0.7961950663 0.0490650295
0.7801440895 0.0522410304
0.7636499161 0.0554040310
0.7467371523 0.0585415819
0.7294311496 0.0616413886
0.7117579707 0.0646913366
0.6937443548 0.0676795163
0.6754176812 0.0705942454
0.6568059322 0.0734240922
0.6379376545 0.0761578984
0.6188419191 0.0787848028
0.5995482811 0.0812942667
0.5800867370 0.0836761012
0.5604876814 0.0859204968
0.5407818623 0.0880180557
0.5210003342 0.0899598267
0.5011744101 0.0917373435
0.4813356114 0.0933426650
0.4615156161 0.0947684183
0.4417462045 0.0960078441
0.4220592032 0.0970548423
0.4024864271 0.0979040196
0.3827875093 0.0985102529
0.3632237896 0.0988063713
0.3438689305 0.0987918635
0.3247569111 0.0984686346
0.3059214134 0.0978401411
0.2873957213 0.0969113863
0.2692126178 0.0956889040
0.2514042833 0.0941807298
0.2340021930 0.0923963589
0.2170370184 0.0903466910
0.2005385306 0.0880439608
0.1845355090 0.0855016549
0.1690556556 0.0827344156
0.1541255151 0.0797579309
0.1397704037 0.0765888129
0.1260143450 0.0732444643
0.1128800157 0.0697429346
0.1003886994 0.0661027671
0.0885602507 0.0623428389
0.0774130680 0.0584821943
0.0669640754 0.0545398741
0.0572287141 0.0505347432
0.0482209402 0.0464853167
0.0399532318 0.0424095889
0.0324366013 0.0383248645
0.0256806134 0.0342475964
0.0196934079 0.0301932304
0.0144817252 0.0261760595
0.0100509346 0.0222090893
0.0064050628 0.0183039158
0.0035468236 0.0144706183
0.0014776450 0.0107176669
0.0001976957 0.0070518474
-0.0002940915 0.0034782040
0.0000000000 0.0000000000
0.0010650553 -0.0033240855
0.0028849706 -0.0064365020
0.0054538981 -0.0093373640
0.0087648358 -0.0120272335
0.0128096568 -0.0145071226
0.0175791450 -0.0167785010
0.0230630383 -0.0188433079
0.0292500758 -0.0207039667
0.0361280506 -0.0223634025
0.0436838662 -0.0238250617
0.0519035944 -0.0250929332
0.0607725356 -0.0261715688
0.0702752789 -0.0270661031
0.0803957602 -0.0277822721
0.0911173197 -0.0283264282
0.1024227549 -0.0287055513
0.1142943697 -0.0289272558
0.1267140187 -0.0289997903
0.1396631455 -0.0289320323
0.1531228151 -0.0287334738
0.1670737394 -0.0284142001
0.1814962961 -0.0279848591
0.1963705417 -0.0274566222
0.2116762171 -0.0268411360
0.2273927486 -0.0261504648
0.2434992423 -0.0253970244
0.2599744752 -0.0245935074
0.2767968824 -0.0237528008
0.2939445412 -0.0228878965
0.3113951542 -0.0220117957
0.3291260318 -0.0211374089
0.3471140752 -0.0202774516
0.3653357606 -0.0194443386
0.3837671268 -0.0186500769
0.4024232508 -0.0179053587
0.4215063318 -0.0171602842
0.4407163980 -0.0163856263
0.4600252881 -0.0155890956
0.4794045728 -0.0147780765
0.4988255899 -0.0139595657
0.5182594815 -0.0131401189
0.5376772334 -0.0123258039
0.5570497160 -0.0115221634
0.5763477281 -0.0107341861
0.5955420409 -0.0099662868
0.6146034448 -0.0092222963
0.6335027954 -0.0085054594
0.6522110621 -0.0078184422
0.6706993759 -0.0071633476
0.6889390776 -0.0065417375
0.7069017668 -0.0059546628
0.7245593501 -0.0054026983
0.7418840892 -0.0048859827
0.7588486487 -0.0044042630
0.7754261435 -0.0039569403
0.7915901860 -0.0035431186
0.8073149320 -0.0031616534
0.8225751272 -0.0028112001
0.8373461526 -0.0024902612
0.8516040696 -0.0021972310
0.8653256651 -0.0019304376
0.8784884954 -0.0016881816
0.8910709305 -0.0014687698
0.9030521980 -0.0012705460
0.9144124258 -0.0010919158
0.9251326848 -0.0009313676
0.9351950313 -0.0007874885
0.9445825472 -0.0006589758
0.9532793811 -0.0005446448
0.9612707861 -0.0004434321
0.9685431578 -0.0003543961
0.9750840689 -0.0002767144
0.9808823034 -0.0002096794
0.9859278867 -0.0001526918
0.9902121140 -0.0001052534
0.9937275754 -0.0000669595
0.9964681776 -0.0000374911
0.9984291621 -0.0000166082
0.9996071195 -0.0000041439
1.0000000000 0.0000000000
